# basis_type harmonic
# l_max 18
# r_scale 319.9555929341
# z0 0.0000000000
# cmssw_norm 1
# nmodes 360
# sha1_npz 4eb2533c4ad9dd8a436190849446d2ad147d6d16
# column: mode_idx l m c|s coefficient
    0    1   0 c    1.2194868490652523e+03
    1    2   0 c    3.6756562876729854e-01
    2    3   0 c   -2.1756407278886346e+01
    3    4   0 c   -4.0249532586108992e-02
    4    5   0 c    1.6196522936969533e+00
    5    6   0 c    3.0628708615025937e-02
    6    7   0 c   -3.4981245355105823e+00
    7    8   0 c    8.5797152184090308e-04
    8    9   0 c    2.4866076469381566e+00
    9   10   0 c   -4.8543654387595503e-02
   10   11   0 c   -1.1780945744490372e+00
   11   12   0 c    5.8783294770352337e-02
   12   13   0 c    3.3232609280919512e-01
   13   14   0 c   -4.2579980923469013e-02
   14   15   0 c   -4.2528742436137065e-02
   15   16   0 c    2.0529412638153222e-02
   16   17   0 c   -2.1072046658033283e-05
   17   18   0 c   -4.9261182029569786e-03
   18    1   1 c    9.5362596936907157e-02
   19    1   1 s    1.3960172908936888e-01
   20    2   1 c   -3.6284681689799453e-02
   21    2   1 s    1.0049502913725263e-01
   22    2   2 c   -1.5502694203736589e-01
   23    2   2 s   -2.4936051279807131e-01
   24    3   1 c   -2.3125669576676545e-02
   25    3   1 s   -1.6540280225659586e-02
   26    3   2 c    3.2708693572899870e-02
   27    3   2 s   -1.4754440267862301e-01
   28    3   3 c   -9.0888058179264097e-02
   29    3   3 s    4.2276082443418211e-01
   30    4   1 c    5.1828154726329213e-02
   31    4   1 s    3.7245687475171776e-02
   32    4   2 c   -3.4284790901712818e-02
   33    4   2 s    1.0781852734307575e-02
   34    4   3 c    3.1749994363851057e-02
   35    4   3 s   -2.9923186567065690e-02
   36    4   4 c   -2.3873818084677111e-02
   37    4   4 s   -1.0032698150656796e-01
   38    5   1 c   -3.0388469676858116e-02
   39    5   1 s   -8.6324208795251017e-02
   40    5   2 c   -5.9480783223334763e-02
   41    5   2 s    8.3963243954580297e-02
   42    5   3 c    5.9242980565003857e-03
   43    5   3 s   -8.8915778658354053e-02
   44    5   4 c    6.9996298927700637e-02
   45    5   4 s   -5.4769905924723063e-02
   46    5   5 c    2.3188653216030952e-01
   47    5   5 s   -2.1436925240128296e-01
   48    6   1 c   -1.3712693336774204e-01
   49    6   1 s    3.3469989636536961e-02
   50    6   2 c    1.9484804997682452e-02
   51    6   2 s    8.5153131262443615e-02
   52    6   3 c   -3.7878164365467544e-02
   53    6   3 s   -9.3120233604490815e-02
   54    6   4 c    3.3198050700743366e-02
   55    6   4 s    1.1296852864155804e-02
   56    6   5 c    7.3303561093999853e-02
   57    6   5 s    1.1323041665271703e-01
   58    6   6 c   -2.8388000600724356e-01
   59    6   6 s    1.0883148635100660e-01
   60    7   1 c    3.3587441630649147e-02
   61    7   1 s    1.2180531668424673e-01
   62    7   2 c    1.0451806168797620e-01
   63    7   2 s   -1.0462076341712698e-01
   64    7   3 c    1.1587557079249241e-02
   65    7   3 s    1.0936417550491268e-01
   66    7   4 c    9.4239670133406204e-03
   67    7   4 s    8.5238930324641526e-02
   68    7   5 c   -1.4378629904913710e-02
   69    7   5 s    5.0609075306417790e-02
   70    7   6 c   -8.8499176610850078e-02
   71    7   6 s    2.3422541991059073e-02
   72    7   7 c   -1.5190435403234345e-01
   73    7   7 s    8.5572164317997829e-02
   74    8   1 c    1.8875053244616410e-01
   75    8   1 s   -9.8292657514695694e-02
   76    8   2 c   -1.0006648502880612e-02
   77    8   2 s   -8.9743803376620010e-02
   78    8   3 c    1.0219010970008623e-02
   79    8   3 s    1.6583760298883790e-01
   80    8   4 c   -4.3426846721882788e-02
   81    8   4 s   -1.2277435087138491e-02
   82    8   5 c   -8.2386720870908495e-02
   83    8   5 s   -7.2031465418381319e-02
   84    8   6 c    6.6002677000915624e-02
   85    8   6 s    8.5180551301736792e-03
   86    8   7 c   -1.8276008409167564e-02
   87    8   7 s   -8.5247978172171765e-02
   88    8   8 c    4.9313389563061344e-01
   89    8   8 s    9.0772635362070773e-03
   90    9   1 c   -1.6434187124156330e-02
   91    9   1 s   -1.3707543493274360e-01
   92    9   2 c   -1.4275582959786279e-01
   93    9   2 s    9.7635628654817633e-02
   94    9   3 c   -1.2753252179201516e-02
   95    9   3 s   -1.1960239099461140e-01
   96    9   4 c    6.5528599164402634e-03
   97    9   4 s   -1.0072617293928952e-01
   98    9   5 c    1.9957578557521435e-02
   99    9   5 s   -5.5247627955548217e-02
  100    9   6 c   -2.9855363270148681e-02
  101    9   6 s    3.4920100410924984e-02
  102    9   7 c    3.2184684876561967e-02
  103    9   7 s    3.3239060870358175e-02
  104    9   8 c    1.1463062240615152e-01
  105    9   8 s   -2.5040365693255284e-03
  106    9   9 c    1.3407754737539698e-01
  107    9   9 s   -6.9750809787805190e-01
  108   10   1 c   -1.7614435442052492e-01
  109   10   1 s    8.9664075312063274e-02
  110   10   2 c    9.0388998553583514e-03
  111   10   2 s    6.6904472929216890e-02
  112   10   3 c    5.0372607969664928e-03
  113   10   3 s   -1.7957060959173851e-01
  114   10   4 c    5.0936109747474409e-02
  115   10   4 s    8.3848304704734339e-03
  116   10   5 c    8.1329554116859368e-02
  117   10   5 s    8.8398132924137424e-02
  118   10   6 c   -1.0542550115073406e-01
  119   10   6 s   -1.4494509607301351e-02
  120   10   7 c   -3.3226399868747661e-02
  121   10   7 s   -6.5940603402153297e-02
  122   10   8 c    2.2573590110106707e-03
  123   10   8 s    9.4017411841099560e-02
  124   10   9 c   -3.6306361502225368e-02
  125   10   9 s    1.3050812972439876e-01
  126   10  10 c   -6.7401583942975241e-01
  127   10  10 s    2.7501831844158908e-01
  128   11   1 c   -5.7497447500375531e-03
  129   11   1 s    1.1336448260659542e-01
  130   11   2 c    1.3839215584378442e-01
  131   11   2 s   -6.0017058430260728e-02
  132   11   3 c    8.2183412192810539e-03
  133   11   3 s    1.0066304198528715e-01
  134   11   4 c   -9.8968571909022248e-03
  135   11   4 s    6.4913427539243493e-02
  136   11   5 c   -1.6722015938089203e-02
  137   11   5 s    5.4183584046798031e-02
  138   11   6 c    4.3025474966818140e-02
  139   11   6 s   -2.7712850206175546e-02
  140   11   7 c   -2.3581546198335225e-02
  141   11   7 s   -4.4554731862774290e-02
  142   11   8 c   -3.3440067338719244e-02
  143   11   8 s   -4.4882537696122653e-02
  144   11   9 c   -6.1820121441304721e-02
  145   11   9 s    3.2477797700267645e-02
  146   11  10 c   -3.0935385249467704e-03
  147   11  10 s    2.1930138821202635e-02
  148   11  11 c   -5.3998380783047495e-01
  149   11  11 s    7.9437403150425079e-01
  150   12   1 c    1.2459262939235986e-01
  151   12   1 s   -4.9473279150583110e-02
  152   12   2 c   -2.7175016499174820e-03
  153   12   2 s   -4.0110949183241720e-02
  154   12   3 c    1.8312578255641541e-03
  155   12   3 s    1.5256935565387048e-01
  156   12   4 c   -4.3439278639625573e-02
  157   12   4 s   -3.1613977267700333e-03
  158   12   5 c   -4.2190633234600101e-02
  159   12   5 s   -4.1094034063820610e-02
  160   12   6 c    1.0931386753762097e-01
  161   12   6 s    1.4217105543013983e-02
  162   12   7 c    1.0917383912584080e-02
  163   12   7 s    7.3598843661902058e-02
  164   12   8 c    6.3995211633142220e-04
  165   12   8 s   -9.1642512645957963e-02
  166   12   9 c    1.2052145559770940e-01
  167   12   9 s   -1.1281437148288645e-01
  168   12  10 c   -7.4557681900714962e-02
  169   12  10 s   -8.7916677718018199e-03
  170   12  11 c   -2.7442222078708262e-01
  171   12  11 s   -6.2556850048147455e-02
  172   12  12 c    6.1425112149709127e-01
  173   12  12 s    7.6573541418904001e-01
  174   13   1 c    1.1388834055759887e-02
  175   13   1 s   -6.1413514647982129e-02
  176   13   2 c   -9.2479869983358706e-02
  177   13   2 s    2.4784383931603430e-02
  178   13   3 c   -4.0453125420160082e-03
  179   13   3 s   -5.9949447487552827e-02
  180   13   4 c    5.2072097819813694e-03
  181   13   4 s   -2.3822355225729883e-02
  182   13   5 c    8.9994623178583782e-03
  183   13   5 s   -3.6945043121735827e-02
  184   13   6 c   -6.8990740468783340e-02
  185   13   6 s    2.3878463865001653e-02
  186   13   7 c    1.5723040686974346e-02
  187   13   7 s    2.7319790222423937e-02
  188   13   8 c    6.0640450639820535e-02
  189   13   8 s    4.6177676455170444e-03
  190   13   9 c    5.4428933217369573e-02
  191   13   9 s    5.1796611808057849e-02
  192   13  10 c   -1.5668110818891065e-02
  193   13  10 s    3.1427636016663284e-02
  194   13  11 c   -9.4377926730784420e-02
  195   13  11 s   -3.1371608799262907e-01
  196   13  12 c   -6.4765419438285121e-02
  197   13  12 s    2.5610417281052655e-01
  198   13  13 c    6.5552592542935129e-01
  199   13  13 s   -3.1093662653986680e+00
  200   14   1 c   -6.1529419470436442e-02
  201   14   1 s    2.1065739809872391e-02
  202   14   2 c   -2.9350957417367532e-03
  203   14   2 s    1.8250364712541548e-02
  204   14   3 c   -7.8124460179165882e-03
  205   14   3 s   -9.3656131746608529e-02
  206   14   4 c    2.6683046812736186e-02
  207   14   4 s   -1.0184034164723596e-03
  208   14   5 c    9.6343702841722098e-03
  209   14   5 s    1.0438955299501770e-04
  210   14   6 c   -7.2025643184815510e-02
  211   14   6 s   -1.0399089443619123e-02
  212   14   7 c   -1.1536052908460248e-02
  213   14   7 s   -8.7910886878975497e-02
  214   14   8 c   -1.1412059563872369e-02
  215   14   8 s    5.5444416413237746e-02
  216   14   9 c   -5.0477889716267120e-02
  217   14   9 s    1.2840780071026045e-01
  218   14  10 c   -1.4062913792852814e-02
  219   14  10 s   -6.6188829491151666e-04
  220   14  11 c    2.6645057335153371e-01
  221   14  11 s    8.2804555699642304e-02
  222   14  12 c    7.3546729778606246e-01
  223   14  12 s   -3.3695173127021527e-02
  224   14  13 c   -4.8983855529547898e-01
  225   14  13 s   -4.3400602550675677e-01
  226   14  14 c   -7.1325648259283074e+00
  227   14  14 s   -3.5849765269729950e-01
  228   15   1 c   -5.6890066037260127e-03
  229   15   1 s    1.9618457063908405e-02
  230   15   2 c    3.7415563431478324e-02
  231   15   2 s   -6.3728300492966947e-03
  232   15   3 c    1.4792009059046908e-03
  233   15   3 s    2.2047407216116331e-02
  234   15   4 c   -3.3476409409640331e-03
  235   15   4 s    4.3566118093914669e-03
  236   15   5 c   -2.9696804265584341e-03
  237   15   5 s    1.3431729792598372e-02
  238   15   6 c    4.2794113804570148e-02
  239   15   6 s   -1.0571846830640597e-02
  240   15   7 c   -5.5510626206663168e-03
  241   15   7 s   -3.0904525676566171e-03
  242   15   8 c   -1.4027148427707544e-02
  243   15   8 s   -1.9611437659373785e-03
  244   15   9 c   -2.2616038646095883e-02
  245   15   9 s   -4.4750164953606501e-02
  246   15  10 c   -3.7783789033695551e-02
  247   15  10 s    2.9426980746439513e-02
  248   15  11 c    5.1450298800424746e-02
  249   15  11 s    1.0412743898109661e-01
  250   15  12 c   -1.5970210247209937e-01
  251   15  12 s   -1.9424890400121134e-01
  252   15  13 c    9.3157312997425440e-02
  253   15  13 s    2.2002789381500304e-01
  254   15  14 c    1.0153612485323813e+00
  255   15  14 s   -8.4790914359090885e-01
  256   15  15 c   -2.0410962684297607e+00
  257   15  15 s    1.9168051549075253e+00
  258   16   1 c    1.8166647789930164e-02
  259   16   1 s   -7.8918483975654961e-03
  260   16   2 c    2.4115227070508347e-03
  261   16   2 s   -5.6761978447489956e-03
  262   16   3 c    4.7190884412348357e-03
  263   16   3 s    3.4480161631034005e-02
  264   16   4 c   -1.0814722755868224e-02
  265   16   4 s    1.7012111165738088e-03
  266   16   5 c    5.1069731014947897e-04
  267   16   5 s    4.0912696585686742e-03
  268   16   6 c    2.7267446322554768e-02
  269   16   6 s    4.3857655728317480e-03
  270   16   7 c    6.2380996162957622e-03
  271   16   7 s    4.9209926641818509e-02
  272   16   8 c    3.4695196724214448e-03
  273   16   8 s   -1.9616255922637067e-02
  274   16   9 c    2.3242738101865744e-02
  275   16   9 s   -4.2697046526272701e-02
  276   16  10 c    2.4994457777033467e-02
  277   16  10 s   -1.7457712865249408e-03
  278   16  11 c   -1.5947356177239638e-01
  279   16  11 s   -7.7329512900435313e-02
  280   16  12 c   -2.8715371862192229e-01
  281   16  12 s    1.5949824483675344e-02
  282   16  13 c    2.1170915805155199e-01
  283   16  13 s    1.1321385048713628e-01
  284   16  14 c    5.1753562801495057e-01
  285   16  14 s    3.3661663434887967e-01
  286   16  15 c    4.7592327289433040e-01
  287   16  15 s    2.5578583287824935e-01
  288   16  16 c    1.1573984111323506e+01
  289   16  16 s    8.8902069667242962e+00
  290   17   1 c    1.3394870588122338e-03
  291   17   1 s   -2.6892612815367519e-03
  292   17   2 c   -7.1402974486699600e-03
  293   17   2 s    7.6513724630600428e-04
  294   17   3 c   -1.9417556269359500e-04
  295   17   3 s   -4.0421025939383235e-03
  296   17   4 c    1.7380133774518392e-03
  297   17   4 s   -1.3006337666146868e-04
  298   17   5 c    4.9877879620016349e-04
  299   17   5 s   -1.7450276315017995e-03
  300   17   6 c   -9.8794585687114536e-03
  301   17   6 s    1.8966156096928643e-03
  302   17   7 c    8.7481983361650632e-04
  303   17   7 s   -1.1583665645525237e-03
  304   17   8 c    9.8870262523510647e-04
  305   17   8 s    6.1725754354996498e-04
  306   17   9 c    3.6114625144051961e-03
  307   17   9 s    1.0041273733578632e-02
  308   17  10 c    1.3257373969830703e-03
  309   17  10 s   -3.0327255603052974e-03
  310   17  11 c   -4.5922773626819180e-03
  311   17  11 s   -9.8702357353614694e-03
  312   17  12 c    7.9927352775372745e-02
  313   17  12 s    1.8322888090358844e-02
  314   17  13 c    1.3599511896485589e-02
  315   17  13 s   -5.1336662767291876e-03
  316   17  14 c   -7.1241375837242507e-02
  317   17  14 s    3.5691771184797488e-01
  318   17  15 c    4.5253802060035536e-01
  319   17  15 s   -3.2049506865727728e-01
  320   17  16 c   -5.8710477146720406e+00
  321   17  16 s    1.6252327887824065e-02
  322   17  17 c    1.0259199001874688e+01
  323   17  17 s   -2.4798349300022306e+01
  324   18   1 c   -2.6299364549538266e-03
  325   18   1 s    1.9004220546098368e-03
  326   18   2 c   -6.1976163237646763e-04
  327   18   2 s    9.5645413015239074e-04
  328   18   3 c   -1.0752019859658166e-03
  329   18   3 s   -6.0379708931283119e-03
  330   18   4 c    2.3283429489916558e-03
  331   18   4 s   -6.0119074123001078e-04
  332   18   5 c   -5.1820769962881096e-04
  333   18   5 s   -1.4539790559346400e-04
  334   18   6 c   -4.6956421161368127e-03
  335   18   6 s   -8.3261046108267314e-04
  336   18   7 c   -1.1846988334094986e-03
  337   18   7 s   -1.0560656282729970e-02
  338   18   8 c    1.2820171748787899e-04
  339   18   8 s    2.9741390464732538e-03
  340   18   9 c   -3.8769687276454874e-03
  341   18   9 s    5.2037482974800339e-03
  342   18  10 c   -6.5792864211069620e-03
  343   18  10 s   -3.8721563197633999e-06
  344   18  11 c    2.4380876684412238e-02
  345   18  11 s    8.5680725183387273e-03
  346   18  12 c    4.6568230522131042e-02
  347   18  12 s   -9.8193900775423951e-03
  348   18  13 c    6.7523256946469112e-03
  349   18  13 s   -3.3774771117830345e-02
  350   18  14 c   -1.4411001335762175e-01
  351   18  14 s   -5.7553620529258130e-02
  352   18  15 c   -1.5575860371918412e-01
  353   18  15 s    4.5978945226196444e-01
  354   18  16 c   -5.6872101992775093e-02
  355   18  16 s   -3.1900120532867332e-01
  356   18  17 c    1.3478603483754354e+00
  357   18  17 s   -1.1383130931779126e+01
  358   18  18 c   -6.8359975330725121e+01
  359   18  18 s    6.9127819848890022e+00
